2
3
5
7
111
131
141
161
323
343
373
535
565
717
737
747
767
10301
10601
11511
12421
12621
13031
13331
15151
16561
17471
30403
30503
30703
31313
31713
32023
32323
33433
34343
34443
35053
35353
36463
36563
36763
37473
50105
52125
53135
56165
57375
57675
70207
70307
70607
71217
72627
73237
73337
73537
74547
75657
75757
76067
76367
76567
76667
1001001
1007001
1016101
1022201
1034301
1037301
1043401
1046401
1073701
1076701
1101011
1104011
1105011
1140411
1141411
1153511
1155511
1156511
1202021
1203021
1212121
1221221
1227221
1253521
1257521
1262621
1275721
1304031
1313131
1325231
1327231
1342431
1354531
1355531
1360631
1375731
1401041
1407041
1411141
1416141
1422241
1440441
1441441
1444441
1450541
1452541
1461641
1465641
1470741
1471741
1476741
1511151
1521251
1523251
1542451
1544451
1554551
1562651
1563651
1577751
1601061
1603061
1616161
1621261
1624261
1630361
1633361
1640461
1643461
1645461
1651561
1660661
1666661
1673761
1675761
1676761
1702071
1707071
1717171
1720271
1722271
1737371
1746471
1747471
1765671
1773771
